
m = [0	0	0	0	0	0	-1	-1	-1	0	0	0	1	2	2	3	4	4	5	6	7	8	9	10	12	13	15	17	19	21	23	25	28	30	32	35	38	40	43	46	49	51	54	57	60	63	66	70	73	76	79	83	86	90	93	96	100	105	109	114	119	124	129	134	139	144	149	154	160	165	170	175	181	185	191	196	202	207	212	217	223	228	233	239	244	250	254	260	265	271	276	281	286	292	297	302	307	312	317	322	328	333	338	343	348	353	357	362	367	372	377	381	386	391	395	400	404	409	414	418	422	427	431	435	440	444	448	452	456	460	464	468	472	476	480	484	487	491	494	498	502	505	508	512	515	518	522	525	528	531	534	537	540	543	546	549	552	554	557	560	562	565	567	570	573	575	577	580	582	584	586	588	590	592	594	596	598	600	601	603	605	607	608	610	611	613	614	616	617	618	620	621	622	624	625	626	627	628	629	630	631	631	632	632	632	632	631	630	630	628	628	628	628	628	628	628	628	628	628	628	628	628	628	628	628	628	630	630	630	630	630	629	628	627	626	625	623	621	619	617	615	612	610	607	604	601	597	594	590	587	583	579	575	570	566	562	558	553	548	543	539	533	529	523	518	513	507	502	496	491	485	480	473	468	462	456	450	444	438	432	426	420	414	407	401	395	388	382	376	369	362	356	349	343	336	330	323	317	309	303	296	290	283	276	269	262	256	248	242	235	228	221	214	207	200	193	186	179	172	165	158	151	144	137	130	123	116	109	102	94	89	84	79	73	68	62	57	51	47	41	36	31	25	20	14	9	5	1	-2	-7	-13	-20	-27	-34	-42	-49	-56	-63	-70	-77	-85	-92	-99	-107	-115	-125	-134	-142	-152	-161	-170	-179	-188	-197	-206	-215	-224	-233	-243	-251	-260	-270	-279	-288	-297	-306	-315	-325	-334	-342	-352	-361	-370	-379	-389	-397	-407	-416	-425	-434	-443	-452	-462	-471	-480	-489	-499	-507	-516	-526	-535	-544	-554	-562	-572	-581	-590	-599	-609	-617	-627	-636	-645	-654	-664	-673	-682	-691	-701	-710	-719	-729	-737	-747	-756	-765	-775	-784	-793	-802	-812	-820	-830	-839	-848	-857	-867	-876	-885	-895	-904	-913	-923	-931	-941	-951	-959	-969	-978	-987	-996	-1006	-1017	-1028	-1039	-1050	-1062	-1072	-1083	-1094	-1106	-1117	-1128	-1139	-1150	-1161	-1173	-1184	-1195	-1206	-1217	-1228	-1239	-1251	-1261	-1272	-1284	-1296	-1307	-1318	-1329	-1340	-1351	-1362	-1373	-1384	-1395	-1406	-1417	-1428	-1439	-1449	-1460	-1471	-1482	-1492	-1503	-1513	-1523	-1533	-1544	-1553	-1563	-1573	-1583	-1593	-1602	-1611	-1621	-1630	-1639	-1648	-1656	-1665	-1674	-1682	-1690	-1699	-1707	-1715	-1723	-1730	-1738	-1745	-1752	-1759	-1766	-1772	-1779	-1786	-1792	-1798	-1804	-1810	-1815	-1821	-1827	-1832	-1837	-1842	-1847	-1851	-1856	-1860	-1864	-1868	-1872	-1876	-1879	-1882	-1886	-1888	-1891	-1893	-1895	-1897	-1898	-1900	-1901	-1902	-1902	-1903	-1904	-1904	-1904	-1905	-1905	-1905	-1905	-1905	-1905	-1904	-1904	-1904	-1904	-1903	-1903	-1902	-1902	-1901	-1901	-1900	-1900	-1899	-1898	-1898	-1897	-1896	-1896	-1895	-1895	-1894	-1893	-1893	-1892	-1891	-1890	-1890	-1889	-1888	-1888	-1887	-1886	-1886	-1885	-1884	-1884	-1883	-1882	-1882	-1881	-1880	-1880	-1879	-1878	-1878	-1877	-1877	-1876	-1875	-1875	-1874	-1874	-1873	-1873	-1872	-1872	-1871	-1871	-1870	-1870	-1869	-1869	-1868	-1868	-1868	-1867	-1867	-1866	-1866	-1866	-1865	-1865	-1864	-1864	-1864	-1864	-1863	-1863	-1863	-1863	-1862	-1862	-1862	-1862	-1862	-1861	-1861	-1861	-1861	-1861	-1860	-1860	-1860	-1860	-1860	-1860	-1859	-1859	-1859	-1859	-1859	-1859	-1859	-1858	-1858	-1858	-1858	-1858	-1858	-1858	-1857	-1857	-1857	-1857	-1857	-1857	-1857	-1857	-1856	-1856	-1856	-1856	-1856	-1856	-1856	-1856	-1856	-1856	-1856	-1856	-1856	-1856	-1856	-1856	-1856	-1856	-1856	-1856	-1856	-1856	-1856	-1856	-1856	-1856	-1856	-1856	-1856	-1856	-1856	-1856	-1856	-1856	-1856	-1856	-1856	-1856	-1856	-1856	-1856	-1856	-1856	-1856	-1856	-1856	-1856	-1856	-1856	-1856	-1856	-1856	-1857	-1858	-1858	-1858	-1858	-1858	-1858	-1858	-1858	-1858	-1858	-1858	-1858	-1858	-1858	-1858	-1858	-1858	-1858	-1858	-1858	-1858	-1858	-1858	-1858	-1858	-1858	-1858	-1858	-1858	-1858	-1858	-1858	-1858	-1858	-1858	-1858	-1858	-1858	-1858	-1858	-1858	-1858	-1858	-1858	-1858	-1858	-1858	-1858	-1858	-1858	-1858	-1858	-1858	-1858	-1858	-1858	-1858	-1858	-1858	-1858	-1858	-1858	-1858	-1858	-1858	-1858	-1858	-1858	-1858	-1858	-1858	-1858	-1858	-1858	-1858	-1858	-1858	-1858	-1858	-1858	-1858	-1858	-1858	-1858	-1858	-1858	-1858	-1858	-1858	-1858	-1858	-1858	-1858	-1858	-1858	-1858	-1858	-1858	-1858	-1858	-1858	-1858	-1858	-1858	-1858	-1858	-1858	-1858	-1858	-1858	-1858	-1858	-1858	-1858	-1858	-1858	-1858	-1858	-1858	-1858	-1858	-1858	-1858	-1858	-1858	-1858	-1858	-1858	-1858	-1858	-1858	-1858	-1858	-1858	-1858	-1858	-1858	-1858	-1858	-1858	-1858	-1858	-1858	-1858	-1858	-1858	-1858	-1858	-1858	-1858	-1859	-1858	-1858	-1859	-1858	-1858	-1858	-1859	-1858	-1858	-1859	-1859	-1859	-1859	-1859	-1859	-1859	-1859	-1859	-1859	-1859	-1859	-1859	-1857	-1857	-1853	-1849	-1847	-1845	-1845	-1845	-1845	-1845	-1845	-1845	-1846	-1845	-1845	-1846	-1846	-1846	-1846	-1846	-1846	-1846	-1846	-1846	-1846	-1846	-1846	-1846	-1846	-1846	-1846	-1846	-1846	-1846	-1846	-1846	-1846	-1846	-1846	-1846	-1846	-1846	-1846	-1846	-1846	-1846	-1846	-1846	-1846	-1846	-1846	-1846	-1846	-1846	-1846	-1846	-1846	-1846	-1846	-1846	-1846	-1846	-1845	-1844	-1844	-1844	-1844	-1844	-1844	-1844	-1844	-1844	-1844	-1844	-1844	-1844	-1844	-1844	-1844	-1844	-1844	-1844	-1844	-1844	-1844	-1844	-1844	-1844	-1844	-1844	-1844	-1844	-1844	-1844	-1844	-1844	-1844	-1844	-1844	-1844	-1844	-1844	-1844	-1844	-1844	-1844	-1844	-1844	-1844	-1844	-1844	-1844	-1844	-1844	-1844	-1844	-1844	-1844	-1844	-1844	-1844	-1844	-1844	-1844	-1844	-1844	-1844	-1844	-1844	-1844	-1844	-1844	-1844	-1844	-1844	-1844	-1844	-1844	-1844	-1844	-1844	-1844	-1844	-1844	-1844	-1844	-1844	-1844	-1844	-1844	-1844	-1844	-1844	-1844	-1844	-1844	-1844	-1844	-1844	-1844	-1844	-1844	-1844	-1844	-1844	-1844	-1844	-1844	-1844	-1844	-1844	-1844	-1844	-1844	-1844	-1844	-1844	-1844	-1844	-1844	-1844	-1844	-1844	-1844	-1844	-1844	-1844	-1844	-1844	-1844	-1844	-1844	-1844	-1844	-1844	-1844	-1844	-1844	-1844	-1844	-1844	-1844	-1844	-1844	-1844	-1844	-1844	-1843	-1843	-1843	-1843	-1843	-1843	-1842	-1842	-1842	-1842	-1842	-1842	-1842	-1841	-1841	-1841	-1840]
