pm = [0	0	0	0	0	0	0	0	0	0	0	0	0	0	0	1	1	1	2	2	3	3	4	4	5	5	6	7	7	8	9	10	11	12	13	15	16	17	19	20	22	23	25	27	28	30	32	34	35	37	39	41	43	45	47	49	51	53	55	58	60	62	64	66	69	71	73	75	78	80	82	85	87	90	92	94	97	99	102	105	109	112	115	118	122	125	129	132	136	139	143	146	150	153	157	160	164	167	171	174	178	181	185	188	192	195	199	203	206	210	213	217	220	224	227	231	234	238	241	245	248	251	255	258	262	265	268	272	275	278	282	285	289	292	295	298	302	305	308	311	315	318	321	324	327	330	333	336	339	343	346	349	352	354	357	360	363	366	369	372	375	377	380	383	386	389	391	394	397	399	402	404	407	410	412	415	417	420	422	425	427	429	432	434	436	439	441	443	446	448	450	452	454	457	459	461	463	465	467	469	471	473	475	477	479	481	482	484	486	488	490	492	493	495	497	499	500	502	503	505	507	508	510	511	513	514	516	517	519	520	522	523	525	526	527	529	530	531	532	534	535	536	537	539	540	541	542	543	544	545	546	547	548	549	550	551	552	553	554	555	556	557	558	559	560	561	562	562	563	564	565	566	566	567	568	569	570	570	571	572	573	573	574	575	575	576	577	577	578	578	579	580	580	581		581	582	583	583	583	584	584	584	584	584	583	583	582	582	581	580	579	578	577	575	573	571	569	567	565	562	559	556	553	550	547	543	539	535	532	527	523	519	514	510	505	501	496	491	486	481	476	470	465	460	454	449	443	437	432	426	420	414	408	402	396	390	384	378	372	365	359	353	346	340	334	327	320	314	307	301	294	288	281	274	267	261	254	247	240	233	227	220	213	206	199	192	185	178	171	164	157	150	143	136	129	122	115	107	100	93	88	82	77	72	66	61	55	50	45	39	34	28	23	18	12	7	3	0	-4	-10	-17	-24	-31	-38	-46	-53	-60	-68	-75	-82	-89	-97	-104	-113	-122	-131	-140	-150	-159	-168	-177	-186	-195	-204	-214	-223	-232	-241	-250	-260	-269	-278	-287	-297	-306	-315	-324	-334	-343	-352	-361	-371	-380	-389	-399	-408	-417	-427	-436	-445	-455	-464	-473	-483	-492	-501	-511	-520	-529	-539	-548	-557	-567	-576	-586	-595	-604	-613	-623	-632	-642	-651	-660	-670	-679	-688	-698	-707	-717	-726	-735	-745	-754	-763	-773	-782	-791	-801	-810	-820	-829	-838	-848	-857	-866	-876	-886	-895	-904	-913	-923	-932	-941	-951	-961	-970	-980	-989	-998	-1008	-1019	-1030	-1041	-1052	-1063	-1074	-1085	-1096	-1107	-1118	-1129	-1140	-1151	-1162	-1172	-1183	-1194	-1204	-1215	-1225	-1236	-1246	-1256	-1266	-1276	-1286	-1296	-1306	-1316	-1326	-1335	-1345	-1355	-1364	-1373	-1382	-1391	-1400	-1409	-1418	-1427	-1436	-1444	-1453	-1461	-1470	-1478	-1486	-1494	-1502	-1510	-1518	-1526	-1533	-1541	-1548	-1556	-1563	-1570	-1577	-1584	-1591	-1598	-1604	-1611	-1618	-1624	-1630	-1636	-1643	-1649	-1655	-1661	-1666	-1672	-1678	-1683	-1688	-1694	-1699	-1704	-1709	-1714	-1719	-1723	-1728	-1733	-1737	-1742	-1746	-1750	-1754	-1758	-1762	-1766	-1770	-1773	-1777	-1780	-1784	-1787	-1791	-1794	-1797	-1800	-1803	-1806	-1809	-1811	-1814	-1816	-1819	-1821	-1824	-1826	-1828	-1830	-1833	-1836	-1837	-1839	-1841	-1842	-1843	-1845	-1846	-1847	-1848	-1849	-1849	-1850	-1851	-1851	-1852	-1852	-1852	-1853	-1853	-1853	-1853	-1853	-1853	-1853	-1853	-1854	-1854	-1854	-1853	-1853	-1853	-1853	-1853	-1853	-1853	-1853	-1853	-1853	-1853	-1853	-1853	-1853	-1853	-1853	-1853	-1853	-1853	-1853	-1853	-1853	-1853	-1852	-1852	-1852	-1852	-1852	-1852	-1852	-1852	-1852	-1852	-1852	-1852	-1852	-1852	-1852	-1852	-1852	-1852	-1852	-1852	-1852	-1852	-1852	-1852	-1852	-1852	-1852	-1852	-1852	-1852	-1852	-1852	-1852	-1852	-1852	-1852	-1852	-1852	-1852	-1852	-1852	-1852	-1852	-1852	-1852	-1852	-1852	-1852	-1852	-1852	-1852	-1852	-1852	-1852	-1852	-1852	-1852	-1852	-1852	-1852	-1852	-1852	-1852	-1852	-1852	-1852	-1852	-1852	-1852	-1852	-1852	-1852	-1852	-1852	-1852	-1852	-1852	-1852	-1852	-1852	-1852	-1852	-1852	-1852	-1852	-1852	-1852	-1852	-1852	-1852	-1852	-1852	-1852	-1852	-1852	-1852	-1852	-1852	-1852	-1852	-1852	-1852	-1852	-1852	-1852	-1852	-1852	-1852	-1852	-1852	-1852	-1852	-1852	-1852	-1852	-1852	-1852	-1852	-1852	-1852	-1852	-1852	-1852	-1852	-1852	-1852	-1852]
t = [2	3	4	5	6	7	8	9	10	11	12	13	14	15	16	17	18	19	20	21	22	23	24	25	26	27	28	29	30	31	32	33	34	35	36	37	38	39	40	41	42	43	44	45	46	47	48	49	50	51	52	53	54	55	56	57	58	59	60	61	62	63	64	65	66	67	68	69	70	71	72	73	74	75	76	77	78	79	80	81	82	83	84	85	86	87	88	89	90	91	92	93	94	95	96	97	98	99	100	101	102	103	104	105	106	107	108	109	110	111	112	113	114	115	116	117	118	119	120	121	122	123	124	125	126	127	128	129	130	131	132	133	134	135	136	137	138	139	140	141	142	143	144	145	146	147	148	149	150	151	152	153	154	155	156	157	158	159	160	161	162	163	164	165	166	167	168	169	170	171	172	173	174	175	176	177	178	179	180	181	182	183	184	185	186	187	188	189	190	191	192	193	194	195	196	197	198	199	200	201	202	203	204	205	206	207	208	209	210	211	212	213	214	215	216	217	218	219	220	221	222	223	224	225	226	227	228	229	230	231	232	233	234	235	236	237	238	239	240	241	242	243	244	245	246	247	248	249	250	251	252	253	254	255	256	257	258	259	260	261	262	263	264	265	266	267	268	269	270	271	272	273	274	275	276	277	278	279	280	281	282	283	284	285	286	287	288	289	290	291	292	293	294	295	296	297	298	299	300	301	302	303	304	305	306	307	308	309	310	311	312	313	314	315	316	317	318	319	320	321	322	323	324	325	326	327	328	329	330	331	332	333	334	335	336	337	338	339	340	341	342	343	344	345	346	347	348	349	350	351	352	353	354	355	356	357	358	359	360	361	362	363	364	365	366	367	368	369	370	371	372	373	374	375	376	377	378	379	380	381	382	383	384	385	386	387	388	389	390	391	392	393	394	395	396	397	398	399	400	401	402	403	404	405	406	407	408	409	410	411	412	413	414	415	416	417	418	419	420	421	422	423	424	425	426	427	428	429	430	431	432	433	434	435	436	437	438	439	440	441	442	443	444	445	446	447	448	449	450	451	452	453	454	455	456	457	458	459	460	461	462	463	464	465	466	467	468	469	470	471	472	473	474	475	476	477	478	479	480	481	482	483	484	485	486	487	488	489	490	491	492	493	494	495	496	497	498	499	500	501	502	503	504	505	506	507	508	509	510	511	512	513	514	515	516	517	518	519	520	521	522	523	524	525	526	527	528	529	530	531	532	533	534	535	536	537	538	539	540	541	542	543	544	545	546	547	548	549	550	551	552	553	554	555	556	557	558	559	560	561	562	563	564	565	566	567	568	569	570	571	572	573	574	575	576	577	578	579	580	581	582	583	584	585	586	587	588	589	590	591	592	593	594	595	596	597	598	599	600	601	602	603	604	605	606	607	608	609	610	611	612	613	614	615	616	617	618	619	620	621	622	623	624	625	626	627	628	629	630	631	632	633	634	635	636	637	638	639	640	641	642	643	644	645	646	647	648	649	650	651	652	653	654	655	656	657	658	659	660	661	662	663	664	665	666	667	668	669	670	671	672	673	674	675	676	677	678	679	680	681	682	683	684	685	686	687	688	689	690	691	692	693	694	695	696	697	698	699	700	701	702	703	704	705	706	707	708	709	710	711	712	713	714	715	716	717	718	719	720	721	722	723	724	725	726	727	728	729	730	731	732	733	734	735	736	737	738	739	740	741	742	743	744	745	746	747	748	749	750	751	752	753	754	755	756	757	758	759	760	761	762	763	764	765	766	767	768	769	770	771	772	773	774	775	776	777	778	779	780	781	782	783	784	785	786	787	788	789	790	791	792	793	794	795	796	797	798	799	800	801	802	803	804	805	806	807	808	809	810	811	812	813	814	815	816	817	818	819	820	821	822	823	824	825	826	827	828]
